1087
1032
1018
1031
1057
1024
1101
1086
1077
1108
1097
1118
1114
1112
1072
1073
1111
1097
1054
1006
1111
1024
1043
1004
1007
1020
984
969
1013
1024
998
1009
1018
1040
1032
1037
1004
994
990
1009
1016
1005
1030
1014
1025
1020
1011
1022
1009
1004
1006
1026
1028
1031
1134
1367
1742
1752
1830
1849
1836
1814
1755
1748
1603
1327
1176
1146
1118
1148
1125
1106
1097
1135
1074
1060
1132
1119
1202
1422
1822
1936
1820
1763
1836
1796
1811
1702
1475
1218
1083
1064
1045
982
1027
1002
998
1023
1009
1034
1014
1046
1153
1324
1714
1890
1786
1710
1752
1747
1702
1680
1511
1239
1121
1052
1077
1014
1034
1052
985
1001
987
1070
1015
1052
1153
1315
1804
1919
1791
1958
1935
1801
1843
1853
1563
1350
1218
1179
1076
1106
1165
1135
1078
1049
1107
977
981
1121
1128
1334
1779
1774
1842
1809
1835
1857
1773
1594
1457
1247
1096
1053
1058
1039
1048
1043
1028
1035
1053
1039
1039
1045
1029
1043
1037
1032
1052
1051
1011
1026
1023
1019
1032
1039
1058
1048
989
955
971
980
1000
1025
1008
1014
979
949
955
1022
976
978
1037
1009
980
956
1016
992
1006
1041
1016
1028
996
997
996
985
946
986
973
989
1035
1004
1087
1288
1685
1917
1891
1917
1851
1796
1713
1720
1493
1199
1080
1044
996
1031
1021
1031
1006
997
1073
1021
1035
998
1170
1349
1809
1892
1804
1785
1751
1746
1714
1599
1438
1239
1121
1052
1086
1070
1034
1011
988
985
995
1001
1017
984
1072
1307
1715
1885
1892
1798
1780
1776
1811
1652
1488
1317
1197
1102
1076
1070
1099
1081
1101
1076
1026
1014
1020
1001
1111
1390
1789
1865
1841
1872
1790
1806
1802
1637
1486
1249
1116
1079
1072
1081
1036
1027
1019
1007
1010
1050
1069
1063
1140
1418
1756
1888
1913
1854
1825
1898
1785
1609
1375
1241
1120
1175
1021
1034
1050
1066
1009
1008
1013
986
1004
994
987
995
1046
1031
1101
1047
1093
1058
1042
1030
1004
1019
1036
1003
959
952
955
891
956
966
959
975
971
931
960
977
963
972
933
1010
1025
1022
1010
1019
981
982
989
983
966
968
954
972
933
934
976
961
1003
1029
1107
1346
1835
1960
1854
1823
1783
1778
1754
1700
1479
1248
1141
1092
1101
1085
1088
1094
1063
1006
1023
1019
1050
1040
1139
1347
1738
1762
1556
1742
1753
1500
1428
1720
1485
1203
1063
997
1027
1016
1002
944
949
991
972
1003
1009
955
1093
1313
1704
1821
1810
1787
1778
1727
1717
1650
1493
1270
1104
1068
1027
1028
1057
1056
1060
1041
1009
960
964
998
1065
1314
1670
1722
1781
1840
1807
1789
1734
1714
1472
1239
1085
1042
1033
994
989
990
1004
981
992
976
996
960
1000
1369
1766
1870
1800
1762
1726
1727
1662
1559
1340
1178
1047
1035
1007
989
998
1010
999
977
975
923
922
938
951
1000
989
983
998
1015
1007
1054
1029
983
974
1004
988
997
966
970
980
995
955
923
887
915
921
945
968
961
957
936
946
937
947
951
963
977
1005
1001
1015
994
950
945
937
940
922
929
960
988
993
984
1067
1259
1753
1859
1825
1819
1771
1750
1729
1662
1488
1250
1120
1069
1073
1072
1068
1042
1068
1032
982
958
1021
1033
1158
1326
1701
1789
1706
1696
1761
1815
1745
1682
1445
1204
1117
1089
1077
1042
1038
1015
1009
1028
1024
1021
1030
1070
1160
1359
1714
1896
1815
1823
1769
1786
1804
1736
1551
1261
1119
1086
1056
1057
1044
1041
1049
1044
1038
1044
1053
1036
1145
1403
1687
1789
1829
1839
1857
1819
1794
1635
1439
1262
1082
1042
1042
1057
1084
1019
971
974
971
959
1011
1030
1055
1338
1696
1694
1714
1750
1677
1686
1614
1512
1300
1110
1007
969
975
976
971
975
978
962
972
970
977
980
957
974
1003
958
1003
1010
957
956
965
946
927
956
968
1004
997
956
949
926
932
912
938
914
927
917
941
930
938
932
891
900
910
960
924
937
958
906
898
929
923
931
903
945
897
902
897
921
915
905
947
1223
1616
1780
1812
1826
1710
1777
1809
1690
1410
1268
1119
1012
1011
1006
1064
1022
1027
1026
1037
1103
1085
1114
1139
1275
1800
1965
1977
1750
1795
1800
1773
1701
1514
1268
1142
1044
972
1095
1070
1071
1034
1014
1031
1066
1062
1025
1095
1323
1663
1832
1902
1800
1825
1761
1756
1652
1456
1277
1100
1082
1051
1000
1042
1089
989
1095
1069
1004
1036
1048
1059
1324
1720
1918
1879
1923
1871
1880
1795
1701
1628
1291
1058
1105
1055
1079
1042
1032
1061
1017
1019
1036
1049
1046
1121
1373
1599
1737
1789
1816
1840
1746
1631
1564
1372
1345
1089
1043
1004
1023
1023
1014
1016
1027
1056
981
938
987
988
911
954
1025
945
931
934
960
972
1005
979
1018
977
981
883
935
965
933
937
948
899
1066
856
925
972
993
961
932
932
994
945
967
962
980
896
897
1008
1013
909
973
990
977
969
918
923
1018
946
943
1037
1285
1630
1783
1759
1750
1710
1733
1676
1538
1613
1312
1183
1117
1117
1118
1096
1090
1079
1084
1083
1096
1107
1116
1194
1359
1659
1763
1747
1558
1640
1674
1717
1607
1457
1234
1217
1197
999
1020
1076
1120
1023
1072
1076
954
981
1022
1073
1325
1816
1803
1885
1850
1745
1881
1784
1653
1432
1372
1185
1104
1095
1075
1085
1079
1073
1031
1054
1043
1035
1016
1148
1371
1754
1854
1787
1882
1939
1960
1627
1675
1456
1303
1188
1111
1083
1064
1066
1080
1064
1063
1059
1067
1055
1089
1159
1390
1703
1713
1667
1819
1708
1720
1681
1537
1339
1178
1088
1077
1063
1035
1030
1046
1076
990
1080
1101
1026
920
1017
1031
1052
1030
1019
947
930
942
973
1027
1017
949
966
989
1030
1036
1034
1021
1003
1006
1000
995
999
1003
996
994
997
1005
968
995
1040
936
936
970
1010
1069
949
1015
1064
1020
1066
1019
1066
966
1017
996
1039
1101
1155
1336
1716
1902
1850
1863
1808
1810
1809
1745
1554
1292
1213
1255
1124
1173
1167
1144
1118
1308
1237
1192
1189
1184
1243
1527
1800
1834
1827
1900
1797
1831
1845
1733
1624
1234
1246
1462
1096
1185
1155
1168
1166
1157
1138
1151
1114
1202
1281
1388
1676
1793
1854
1656
1699
1729
1757
1635
1509
1166
1202
1323
1218
1166
1105
1088
1080
1084
1055
1082
1070
1097
1252
1566
1520
1622
1677
1841
1827
1708
1757
1678
1410
1210
1110
1103
1098
1095
1064
1096
1105
1073
1081
1040
1010
1172
1230
1436
1550
1745
1735
1655
1730
1665
1648
1542
1374
1227
1116
996
1022
1004
990
1136
1050
988
989
1036
990
994
950
1045
1040
968
979
952
1021
977
919
874
912
1017
987
994
817
985
933
986
955
931
962
964
883
940
1009
954
924
992
969
966
966
998
1016
973
978
975
1056
1031
1028
1019
1032
1025
1034
1035
1074
1051
1059
1020
1088
1316
1813
1732
1697
1698
1644
1780
1737
1579
1491
1265
1181
1107
1104
1025
900
1267
1182
1116
1096
1087
1152
1084
1115
1356
1755
1619
1591
1829
1747
1782
1783
1724
1467
1292
1244
1216
1141
1306
1133
1028
1069
1065
1018
1292
1079
1082
1275
1442
1745
1544
1689
1543
1737
1833
1959
1561
1614
1289
1281
1073
1079
1045
1066
1020
1073
1119
1080
1086
1117
1151
1289
1462
1728
1834
1728
1810
1735
1789
1681
1618
1450
1198
1119
1104
1033
967
1038
1067
1023
1068
1054
1127
1048
1104
1166
1373
1629
1724
1688
1644
1637
1639
1553
1451
1266
1162
971
1079
900
972
934
977
923
858
958
936
987
913
894
907
933
922
924
881
903
933
944
927
974
872
958
942
964
998
1050
989
991
1005
999
954
910
947
950
928
915
896
877
862
849
1074
840
880
912
863
910
954
918
953
947
891
920
959
885
914
945
920
1017
1258
1588
1756
1690
1735
1705
1667
1667
1604
1447
1246
1120
1092
1073
1095
1084
1094
1108
1091
1094
1084
1078
1041
1186
1329
1675
1762
1703
1692
1675
1749
1685
1525
1430
1237
1094
1044
972
1027
1016
1027
1013
997
1005
972
981
995
1065
1288
1685
1764
1817
1730
1626
1798
1760
1674
1493
1083
1046
1069
1040
1002
1036
1019
1041
1042
911
937
1098
1019
1123
1290
1565
1679
1691
1737
1712
1669
1693
1572
1387
1171
1039
1025
977
987
985
1028
1005
1009
981
957
941
972
1094
1277
1608
1741
1755
1681
1634
1661
1622
1468
1348
1097
993
995
987
993
987
915
935
895
986
889
888
940
929
926
939
945
927
944
935
916
918
927
931
910
923
922
930
908
936
925
903
913
898
871
888
896
913
912
956
941
955
954
858
852
886
852
850
908
919
926
929
876
936
911
900
933
913
922
958
969
1046
1195
1544
1707
1683
1620
1565
1578
1566
1496
1367
1154
1045
1017
1028
970
972
973
966
967
963
957
975
989
1141
1281
1682
1815
1784
1753
1719
1736
1734
1618
1484
1195
1064
1069
991
1003
1003
1017
1009
959
960
978
939
901
1017
1248
1602
1708
1707
1703
1703
1746
1695
1544
1413
1192
1043
1005
1055
1026
947
965
947
970
958
966
1029
966
1037
1200
1556
1703
1691
1684
1761
1661
1664
1523
1324
1022
1071
921
1042
898
909
1003
1010
882
949
911
934
1014
1064
1201
1646
1843
1753
1649
1781
1767
1709
1559
1345
1082
984
1026
1053
1027
859
963
994
1029
1032
915
971
947
994
939
930
929
936
918
914
922
900
928
1004
927
862
885
968
907
973
934
928
933
923
907
912
909
903
866
902
920
901
874
896
924
843
884
889
889
963
908
947
976
949
893
938
941
903
961
931
984
1068
1210
1554
1641
1666
1666
1623
1682
1621
1554
1452
1198
1059
1040
1050
1030
1028
1035
1062
1031
976
1043
1040
1018
1118
1342
1775
1808
1785
1732
1749
1738
1738
1724
1505
1003
1289
1045
999
955
1057
1036
975
1021
929
964
1014
915
1057
1337
1709
1785
1668
1724
1642
1702
1729
1553
1508
1246
1149
1027
1035
1080
1105
1074
1071
1070
1058
1058
1047
1034
1122
1276
1553
1827
1703
1789
1773
1682
1704
1628
1401
1168
1080
1075
1038
1099
1031
1103
983
1027
991
1041
1012
1025
1065
1294
1676
1824
1771
1733
1679
1642
1593
1509
1340
1160
1081
1049
1044
1020
1042
1037
1022
1029
1019
1003
1002
1004
969
958
953
955
940
907
883
885
836
880
930
937
931
983
1026
948
971
1020
832
942
866
891
981
913
896
869
975
948
892
945
999
954
949
979
939
944
967
981
963
961
933
936
914
911
940
946
952
948
1016
1262
1634
1830
1824
1783
1889
1888
1856
1749
1517
1238
1109
1086
1078
1073
1075
1067
1060
1041
1037
1016
1031
1032
1145
1326
1677
1919
1807
1813
1711
1722
1691
1586
1418
1189
1056
1068
1041
1015
1041
1079
1082
1041
1054
1004
994
1016
1149
1338
1727
1795
1804
1769
1775
1750
1760
1644
1424
1194
1164
1126
996
1012
1041
1009
1100
1027
973
1036
1017
1025
1126
1301
1631
1763
1766
1699
1612
1640
1534
1500
1396
1154
1010
944
980
970
938
884
1122
1070
1072
1014
882
911
924
923
947
1005
985
975
964
946
970
901
901
893
891
913
940
937
918
923
898
923
889
911
898
887
906
863
866
909
891
871
871
861
879
882
887
857
843
895
910
906
869
846
874
887
871
874
882
891
853
884
872
872
868
874
883
854
852
840
860
869
870
875
883
878
887
890
895
911
899
874
851
870
879
903
922
881
862
860
865
858
829
853
918
861
897
884
899
899
867
873
867
905
905
919
913
916
952
1177
1526
1647
1420
1670
1685
1626
1610
1538
1341
1136
1046
1039
1026
1036
1038
1022
1008
989
975
983
990
1020
1109
1306
1686
1893
1826
1757
1766
1781
1728
1657
1405
1157
1012
974
987
988
943
936
982
991
935
1005
952
955
1081
1237
1643
1732
1775
1664
1826
1795
1614
1568
1436
1132
1015
1017
1046
1047
1023
980
948
956
977
971
984
987
1081
1263
1564
1689
1633
1627
1553
1603
1648
1429
1209
1066
879
907
956
1006
987
967
944
917
893
893
904
913
905
908
926
938
924
940
915
930
920
909
892
926
923
875
882
908
871
909
944
892
919
956
881
867
879
896
928
890
905
915
904
896
852
874
861
891
897
878
882
916
909
927
911
919
946
964
951
960
1029
1222
1578
1675
1685
1674
1629
1653
1641
1568
1419
1212
1088
1064
1040
1064
1032
1013
993
986
996
1015
1039
1044
1128
1278
1594
1840
1696
1653
1689
1703
1630
1566
1388
1169
1054
1036
1033
1027
988
968
971
949
934
929
972
974
1084
1284
1595
1639
1672
1651
1599
1610
1571
1508
1374
1162
1006
1018
1018
1028
991
941
951
945
938
957
975
968
1022
1230
1591
1791
1639
1648
1656
1621
1603
1543
1373
1107
1004
977
970
952
946
944
975
957
991
946
987
1001
1036
1225
1571
1646
1613
1508
1706
1650
1631
1562
1277
1033
1001
1044
1025
1010
1015
983
989
966
987
1021
983
1031
962
955
938
883
953
950
870
932
916
909
895
895
879
908
911
927
976
973
927
908
907
923
916
918
919
916
908
900
893
891
878
893
875
882
915
911
883
906
898
880
918
926
921
939
950
923
931
922
1021
1249
1575
1698
1678
1680
1664
1686
1668
1590
1387
1171
975
954
932
944
969
907
933
924
928
942
936
945
1013
1210
1626
1803
1746
1746
1714
1721
1722
1636
1419
1127
1006
975
996
989
1020
991
893
942
952
911
945
958
1047
1285
1687
1771
1747
1917
1756
1735
1695
1620
1367
1172
1001
976
979
979
957
981
961
940
938
947
975
973
1042
1255
1568
1697
1701
1682
1623
1619
1593
1471
1360
1114
953
930
909
929
955
955
926
938
910
936
937
929
945
1208
1584
1736
1725
1622
1650
1605
1594
1457
1330
1073
948
929
958
979
965
958
955
968
975
979
986
961
922
963
888
920
922
920
911
912
899
886
915
910
842
866
935
888
937
882
859
917
911
871
892
859
885
922
904
890
890
887
912
877
891
874
912
904
891
886
885
930
923
911
921
920
937
953
954
955
1004
1190
1538
1638
1621
1568
1547
1570
1495
1481
1319
1117
1001
950
974
947
953
951
950
928
926
924
924
948
876
1197
1546
1688
1705
1640
1644
1646
1548
1533
1321
1090
938
948
923
947
937
969
940
935
939
940
970
948
1074
1258
1464
1556
1597
1662
1633
1600
1553
1571
1373
1155
1048
992
1004
1016
1002
1007
983
986
1021
998
986
997
1067
1287
1625
1764
1675
1721
1616
1644
1547
1530
1334
1127
983
901
898
947
907
924
894
907
866
877
916
929
990
1224
1449
1431
1479
1362
1640
1645
1560
1420
1247
1058
929
945
961
988
965
980
918
921
947
945
933
949
936
907
878
896
870
869
842
796
824
866
891
869
894
897
844
850
852
852
822
830
848
849
859
863
839
850
850
847
862
853
865
866
860
830
853
837
867
873
873
877
898
905
860
912
924
842
884
923
953
1177
1596
1716
1721
1641
1575
1679
1576
1472
1344
1173
892
923
1002
926
952
927
923
918
956
901
923
955
1032
1231
1558
1718
1681
1580
1633
1600
1554
1463
1297
1104
964
933
900
888
871
849
872
904
912
875
883
870
818
867
902
891
865
836
847
852
846
836
845
867
853
863
853
888
867
864
866
857
858
850
870
868
939
1124
1457
1565
1609
1603
1560
1516
1495
1447
1234
1037
944
916
920
923
923
930
937
929
924
934
911
927
985
1257
1429
1562
1543
1551
1515
1516
1448
1315
1170
1028
917
866
850
871
884
881
883
884
896
887
881
880
859
846
834
859
856
891
887
881
879
852
862
846
831
822
813
832
876
856
883
900
849
825
833
790
816
820
841
877
853
880
795
821
828
818
847
862
813
834
875
842
831
834
859
818
852
843
851
848
856
855
865
995
935
963
998
972
925
907
868
871
864
890
882
865
868
933
867
910
890
849
851
875
937
1240
1543
1570
1683
1677
1574
1517
1541
1513
1314
1050
930
949
980
926
947
931
905
1044
1008
933
932
981
927
1240
1480
1462
1536
1572
1609
1601
1542
1384
1301
1114
973
955
953
971
946
954
954
943
917
941
932
927
920
853
862
871
898
898
892
931
975
1056
863
850
853
887
953
938
876
923
956
877
863
933
874
874
981
1197
1440
1328
1407
1376
1332
1425
1376
1200
1122
979
884
877
919
924
889
877
864
881
898
902
864
813
853
872
833
803
844
830
858
845
842
824
886
864
799
925
849
887
812
802
803
825
865
840
859
875
867
840
776
853
793
830
866
892
819
801
781
842
845
857
820
820
820
835
868
809
841
848
850
872
906
1121
1416
1658
1584
1551
1532
1605
1571
1435
1343
1143
987
915
948
961
960
936
957
961
932
935
937
917
1005
1187
1484
1653
1611
1548
1580
1602
1569
1494
1333
1130
1002
966
933
950
928
938
938
942
935
936
948
961
1037
1203
1586
1712
1773
1704
1690
1685
1613
1591
1430
1131
999
965
964
969
977
986
990
970
973
982
1001
980
1075
1260
1560
1714
1768
1731
1664
1614
1578
1498
1381
1182
1055
1007
979
960
956
995
945
950
961
961
951
890
987
1211
1482
1629
1626
1611
1563
1537
1496
1365
1214
1040
943
885
907
947
992
1004
1004
964
942
918
919
930
896
918
928
935
886
917
915
911
895
895
897
888
885
880
887
888
870
923
902
935
938
816
851
892
912
855
888
909
842
924
874
841
892
888
871
887
908
887
887
879
896
895
888
882
890
894
901
888
877
870
863
862
870
861
859
886
887
888
889
870
874
875
885
890
891
896
887
881
883
862
881
888
986
1153
1444
1514
1558
1588
1577
1565
1552
1493
1295
1093
985
942
952
915
899
899
895
895
870
887
895
897
1008
1166
1458
1586
1617
1530
1640
1634
1560
1522
1328
1084
975
955
944
987
995
981
928
915
912
913
879
938
1026
1165
1525
1737
1729
1698
1731
1613
1616
1535
1360
1102
977
973
981
923
939
911
905
928
950
939
961
955
1060
1246
1498
1601
1594
1547
1564
1554
1501
1405
1167
991
867
864
878
896
890
887
883
886
891
870
852
889
865
903
881
906
852
883
857
866
878
866
854
853
858
802
835
849
904
917
892
880
875
863
875
857
868
872
860
877
882
914
921
941
926
887
898
858
881
887
891
854
864
891
883
887
895
906
909
919
1006
1177
1491
1630
1606
1604
1616
1615
1550
1522
1310
1093
985
944
919
940
921
951
892
925
960
952
1011
954
1056
1240
1533
1688
1702
1637
1687
1691
1565
1571
1419
1121
997
971
976
1008
996
960
1002
977
964
919
986
988
1008
1248
1504
1356
1354
1579
1604
1413
1513
1518
1382
1141
1017
991
987
993
995
975
976
984
969
960
967
955
1045
1216
1545
1660
1671
1608
1649
1557
1529
1468
1284
1103
974
950
964
920
924
906
896
899
904
916
902
909
994
1153
1382
1500
1498
1487
1478
1486
1494
1412
1289
1100
954
941
962
938
961
955
957
952
939
918
906
894
884
908
875
851
894
905
902
889
844
841
861
928
880
885
926
876
857
866
857
868
905
865
895
865
859
929
855
831
865
899
857
872
877
891
872
867
875
881
872
872
883
889
882
897
898
883
870
891
975
1188
1423
1716
1567
1506
1472
1600
1574
1466
1358
1091
937
966
977
947
996
1006
995
974
960
955
971
965
1003
1201
1513
1587
1516
1508
1553
1565
1572
1457
1238
1092
964
967
939
974
962
952
952
936
921
929
939
953
1017
1178
1412
1482
1543
1486
1523
1574
1561
1446
1269
1096
997
1005
989
966
966
925
948
979
973
966
961
906
1011
1173
1426
1577
1619
1586
1605
1629
1573
1420
1285
1065
977
939
959
934
951
931
946
944
946
924
925
914
990
1186
1448
1517
1541
1481
1520
1527
1470
1314
1176
1008
909
906
919
917
939
916
910
899
893
910
