1.80787282063325
0.57986581188394
-2.03279051404642
-0.665705478876236
-0.26088975573769
-0.122647479734315
0.885111603529652
1.57925544466185
1.76242892451411
2.12445890125967
2.25878056436177
1.60280563679006
-1.03014375926529
-0.505761657624706
-0.305906161005374
-0.326423697939023
-1.69178777201423
-1.83356924879731
-0.828068185129017
0.974217605387748
0.847071641334964
0.931195045107215
0.581012223450613
-1.04808187813763
-1.38523149898947
-1.37396922317864
-0.973415832861806
0.517840381795484
1.35694537209742
0.879957483528345
0.253778660787544
0.761786012139634
1.14918843199209
0.141936996753953
-0.780745731665841
-0.309695647043696
0.640577507256643
0.473084318404257
1.16858174058165
1.29307661111774
0.270773825917068
0.351251777835692
-0.881782252203894
0.639663195225176
2.66041626989416
1.74318154924109
-0.0348860469313137
0.25011766345947
0.0791911234906192
2.42592408617038
1.96916488182705
1.92638941627825
1.3051325253747
0.0232723262168035
-0.00933618286743762
-1.8166175023167
-0.0467370265564604
0.417075399800965
2.5279640079557
2.51263363556259
0.962587597387723
0.994110412051727
-0.2661035544991
-1.64107143099697
-1.03176269789683
-1.02958221629963
-0.684919378968596
-0.324827788938894
-0.746057540475718
-1.13624538505845
-0.957706845926588
0.569372189144123
-0.889472168488562
-0.242175984302734
0.279382412376001
1.33628117830682
0.762819989558715
0.782988604830747
0.792452629871401
-0.0126409402372736
1.06525825080688
2.05022464807356
2.23119114777515
3.10445530300788
2.77366732010934
0.517388007798438
-0.604386627756412
-1.81449947266177
-1.88475242569805
-1.88857711986221
-1.2175729891246
-1.61080295284591
-0.981378190113415
-1.20393264353901
0.927573098109038
1.69034049836457
2.1641957951142
1.90595843736075
2.90977547913434
1.47141670576952
0.279573277924974
1.42002385251756
0.486061310800101
-0.0390002933548075
-0.506318392371007
-0.735424813298545
-0.807580915330178
-0.0562249626242309
-0.0895877985681024
-0.571243133816971
0.881934180084286
0.615572930492865
0.186431882019953
-0.0474263279457455
0.642072386759959
0.469400306164597
0.24652068587679
-0.554459958219098
-0.827407018408366
-0.536935415202607
-0.898439495860442
-0.127714151384028
-1.47508262529674
-0.90139196839351
-2.04176269298272
-1.85221304292329
-1.73149699138396
-1.78630676634709
-1.25690291790597
-2.66406072954381
-0.833983476283615
-1.91594854485771
-1.92115694280655
-2.39755946657201
-2.4285923995357
0.46293279044393
0.807938344985811
-0.690174041353472
-2.35040695971077
-1.39345635826074
-0.788038971313462
-0.742524790928272
-1.41679297800835
-2.54436699332707
-2.95936596138684
-1.04204833188728
-0.996412644471748
-2.0410959957964
0.33444606667187
1.04398809889841
0.575601970390328
1.36415334088456
1.92728344038035
0.759467595271716
2.51777822053684
1.71654355442773
-0.413671391612505
-0.775216354035929
-0.369530057195512
2.12923941040242
1.94175688609498
1.72025630876883
1.032767840935
0.239929640284481
-0.00691263489670832
0.741890803168825
2.69463945044242
3.14927684693765
3.38319919576101
1.06312976708652
1.30597050999865
1.13104526747844
-0.742374057859987
-0.286129850148256
-0.273467136862898
1.28438633960876
0.349817806213117
-0.352761305352409
-1.27838021953996
-1.18362726016111
-0.371280900724592
-0.843877713696582
0.189021890021954
-0.909918259003406
-1.83775327698091
0.0613496858607604
-0.658430514257198
-0.146942330540277
-0.39378957418295
0.105734249588521
1.84261675655831
3.10448002230914
1.94905609181513
-1.17843546249805
1.19078935578327
1.85579654033456
1.88935956027862
1.25176735369718
1.23835462432081
0.658958462881476
0.763434258268942
0.126122060766228
-1.39234520328709
-0.193469745412071
1.59057777153734
1.04898586462418
-0.644231163677099
-0.0694489748237884
0.00478857803238039
-1.71765309599389
-1.43004381665337
-1.53572799847364
-1.38240127581288
-2.05261875940098
0.323026487718799
0.280159829941274
-1.42588463525515
-1.03773706229669
-0.363957799632576
-1.11616868972032
-3.75840161317438
-3.58645493192371
-1.79180453848688
-0.955151236127725
-0.595504017697192
0.223759253227077
-0.900741924607378
0.308865564896916
0.402167596570494
0.990972737057337
1.79289041619016
1.55239363889755
0.116138683516912
1.00101451908183
-1.18534262613677
-1.69941201496267
-1.47429028393642
-1.11146093755158
0.339961508147197
0.604766639484038
0.854479551636002
0.54161704010309
0.0612699331939107
0.656339577597384
1.6829663496813
-1.11001418642368
-0.632766658387446
0.0324212225263968
-0.292788926386171
0.701618498500608
0.244243054763156
-0.197731199247045
0.651926602913407
2.29585466808961
2.07461269052634
0.924017454302707
-0.764867531361719
-1.12242549739756
-1.74770598578104
-1.52828332170339
-0.587905935567745
-1.08706481804642
1.84126385531749
1.87157569143739
2.38297636776652
-0.615239621940904
-0.168861255716402
-1.35442293655841
-0.180738560236802
0.473251844681023
0.0169710513372142
1.25952586551145
0.345544710123084
-0.502581356723207
-1.47748076331527
-1.81564901672892
-0.321609100015138
0.468302735654033
1.44901301405793
0.739341725052255
0.750986226975206
0.746763159457124
-0.929119080664136
0.879702860345817
1.02238655799921
1.47097065409957
2.01054779565876
1.37972901925676
0.50886746367054
1.08777508560817
-0.225630154999578
1.60201640945648
0.988986594091964
2.21129806244221
3.19012998030381
2.37285770676539
2.01291400710536
0.257403575259104
0.202023814554131
1.16906504127477
1.03962871886716
0.217376183022473
-0.647906486409572
-0.612073858467567
0.667084326355419
0.1739409847395
-0.08724001177043
-1.39583017775278
-0.654338976817391
0.995257402391784
2.43547867419883
2.67839205899775
-0.0437085200709558
-0.000792939101662393
0.462759574061643
0.0323648490717346
0.12033358283082
-0.769152109946509
0.018215085255095
-0.183729758616107
-1.72522616486656
-1.77451760045659
0.173207956167111
0.105811532150861
0.792058326306968
1.58899899009512
1.19655480835448
0.379973536396362
-0.412476696862282
0.332529722123501
-0.717603197569514
-0.407213441458779
-0.509243368185042
-2.62138992306568
-3.50846816393042
-1.5708058206385
-0.915539107078878
0.302134930340999
2.29184342310592
3.33339487864057
3.07312365399582
2.38533325178983
1.28279200770156
2.24932959269072
2.25687676861047
0.332265434188907
-0.254900801167973
-2.1867047269413
-1.97502931836706
-3.87373464742832
-1.58493848593104
-1.31070263140328
-1.25807461720841
-0.999263408075095
-0.0108222298720488
0.835865553675175
1.26631030551299
0.343405058388839
-1.28817209187314
-1.51943316396366
-0.773584822206981
-1.21449627941723
-0.951990363624995
-1.75857158258109
-1.31512027242902
-0.673982894996593
-0.488341328886661
-0.458531581642187
1.46283257289754
2.0580355867733
2.5826553075588
0.885999872340282
0.472232514118391
1.40068563680589
1.03201118712535
-1.50279893176451
-1.07948854555853
-2.55406274492355
-2.75964101631675
-0.550019401477102
0.617227517457882
1.69769512032978
1.61847954221213
0.955625002638959
-0.397705194630174
1.10222192442089
1.02981306757765
-0.0406544984233212
0.659708839768095
1.63097407448853
3.14484836297767
1.74588065312821
0.539891329720761
-0.257292698950927
-0.68004989356629
-0.890457073849112
-0.924383365314098
0.819910451412973
0.139784311816787
-0.408332321309534
0.288962132444108
1.43362961045681
0.374420183616061
-0.435007664867704
0.0987108391722538
1.17251453665946
0.709479052599534
-1.03417999299891
0.729057862501867
2.21498112322967
1.0139368130912
0.410716250048803
-1.58619466250713
-0.820558621944973
1.19291372366549
-0.506426107059309
-1.40040922302875
-1.72378026843131
-1.88421341342579
-3.31616672873422
-1.94847314579298
-2.60283130667086
-1.86927820387181
-0.530941897756076
-0.329100635636068
0.706248179069482
0.617675184245759
-0.250639160225779
0.334547584138864
-0.113269893209572
1.62246167661405
1.35267000155029
1.70962971545677
1.40440933253295
-2.12264577438582
-3.36905163207266
-2.87787099114106
-1.59991355685988
-3.19633925255202
-1.43526715093599
-1.2677584842091
-1.57013149104783
-2.65276142104925
-3.4028396737008
-2.33724098852138
-0.871191471477124
-2.43433568792834
-2.88777647414343
-1.46498605821221
-1.19256272080286
1.41573057751692
2.62428260747935
2.54644511071623
1.68954160722182
1.26290460295407
0.0649241093237989
0.471636476901404
1.86242367261624
2.55684355777992
1.00705476271647
-1.20580513992319
-1.28233577654364
-0.426756252882192
1.20908639849738
-0.239911443638717
-0.037056010174379
0.242605067216322
1.40230215230172
1.10024097691913
0.325851600878071
-1.05864463153983
-1.45393294335649
-1.39729378678538
1.42846499402737
3.86980116852033
2.82005352861144
0.661410306694255
-1.89176859993137
-1.17203725095382
-1.75197652620781
1.02001842886349
0.256393872429584
0.15476491862646
3.89651513416112
2.1123917940866
1.41847393046677
-0.276898162517289
-0.119507141686909
-0.926704126048253
-0.675032458688803
-0.704945003389248
-1.65819100014224
-1.25304231112976
0.223764276808273
1.98927806976559
0.247726407740777
-0.374718604885937
0.805871288160475
-0.380209840228878
-2.97965410373453
-3.35557933825394
-3.2669465558581
-2.11570364784496
-1.62233207405915
-0.767829992163834
-0.791842055720082
-0.157778319710798
-0.365514032136
0.911802806359529
0.0834271520650455
0.208222137766882
-0.725235645489561
-0.431060248664949
-0.28607443878439
-1.85107263701476
-1.63910801433385
0.122802426393564
1.05691994758312
1.00354718280789
-0.532180449303529
0.558487081234833
0.633304351524988
-0.0171013067036595
1.52222639862689
0.501779895040168
0.467806473520172
1.5879461666103
1.84754352175898
0.967939642493932
0.0802743450291386
0.260707543821378
0.717358343612516
0.572954762702274
1.67635155057315
1.2356351651891
0.0500079675776843
0.373060243637895
-1.89923344725195
-1.2528975028512
-0.230581392076955
-0.208209625018832
-1.25222095416809
-1.40381046095081
0.588691783805313
-0.0189695831357704
-2.44563540097693
-1.2226224614156
-1.1125568082182
-1.23424682923159
-2.05847693081163
-1.53224826581832
-0.232554765950287
-0.525902952911985
-1.0062212745204
0.345772978385294
0.208338017327515
-0.0439155286145338
-0.697097527468439
0.326839284145628
-0.605644637900129
0.290073306939317
1.14837081774256
0.441029194304357
1.02454950601988
1.76705625289519
1.87740891492871
3.29484009904289
0.470445405489253
-1.32202310923703
-2.55661270567656
-1.7424934687212
0.558653306171477
2.43384895290601
2.42339527478805
2.4925278327327
1.52833244078269
1.32716082193767
1.22748075528043
0.0406668840209297
-0.463985989613494
-0.528274069755584
1.03094842297895
-0.0898193255899047
-2.3610093229584
-1.18425966332929
-1.40954211970149
-1.41334874569027
-0.0381619035088332
-0.559329726523966
-0.80081476782297
0.928300515469439
1.43536060317809
1.58360843886781
0.943773576142286
-0.614190612995463
-2.16574826120906
-1.9258107590649
0.757834972086969
1.17420141946358
1.01656826345154
0.984063591815699
0.265416950179728
-1.3415838333774
1.51351810967403
1.06117630827594
0.333459060017882
-1.69132189488406
-1.71301964747446
-1.39293330878932
-1.1307848612717
-2.4971032663541
-0.10779242905837
2.08994320125626
2.44918496115737
0.591922956331178
0.799580993647564
0.321193351717086
-0.18538853843756
1.15462161897055
-0.234799817767628
-0.899322684051922
-1.44149726614696
-1.03160860090369
-2.19228820443857
-2.35830534004315
-0.883940993721864
0.12164830166208
-0.725205222732247
-0.0653946720855535
-2.36626776835492
-2.30147562165032
-0.810485195132547
-0.950862445491197
-0.693707127953725
-2.01289850057314
-0.714004765237564
-2.10990973626306
-1.9629079510366
-1.5393531156565
-0.894721710567565
-1.31253420188243
0.885072268361936
-0.473600291832817
-0.288041811583085
-3.10087515634975
-2.5336398527508
-1.08488844663878
-1.56652039785447
-0.419785946894699
0.242241460557708
1.24815968125691
0.15641961055574
-1.04825684294261
-2.6711486528544
-2.37371807853418
-2.87170769899058
-1.30931404125707
-0.541196432298547
1.9569743392399
0.563303755448197
1.32494547042585
0.482868904505328
-1.27506150262729
-0.57006203244713
-1.69591914794027
-2.3734406364022
-2.42832588310041
-1.41712419893201
-1.77513657898762
-0.165242792795388
-1.04082061333943
-0.623173010465582
-0.202753710042486
-1.13084934767746
-1.33720558209258
-1.58204257056892
-0.13610688493439
1.70630399375172
0.403808041827249
0.982695111104334
0.676165321270213
-1.56750676650984
-2.17485350161509
-1.08997762975418
-0.400732476811427
-2.59459211346525
-1.51505266296756
-0.175059868408683
-0.197883283772061
-0.843294324359234
1.30180729147421
1.13538978297397
0.715173018634012
-0.716711052077471
-2.06058483654643
-3.12085795950454
-2.67925237054488
-0.351642851455664
1.90730119754597
3.2163895408837
3.65919665442651
2.27566937043119
0.0623748972742045
-0.655111827483433
-2.96877261538748
-2.67858474835238
-0.07747981641669
0.512817378319006
1.53614980069154
1.68399622780036
0.368394927603058
1.76988908796517
1.33512113337274
-0.157934362706131
-0.283472333078662
-1.72850407927106
-0.529395644421454
0.348489361558333
0.0238590790551994
-0.526627881971579
0.493460865807182
-0.56341968458756
-1.53558075316189
-0.761499469850233
-0.829966246567514
0.360362836226011
0.240009261470615
1.33479826208824
1.56787504667525
-1.16105641221164
-2.56423087837379
-0.660574457098527
0.567689002987238
-0.383892755852523
-1.76031914872842
-0.369285108649196
-0.826127525415981
1.17483339221306
2.88825770812628
0.756384488267337
-0.696710190373904
-1.95713556601366
-0.847539872044888
-1.67086365333943
-3.28613327091095
-0.438620122376702
1.18814559745008
1.88034828616285
0.704944355316785
0.262781017153116
0.721170711284593
-0.724059985419228
-0.84783976610617
-0.410114819683499
1.49231807242083
1.9540835808382
2.66191633764424
2.03312999144455
0.138119586749182
-0.563432314911671
-2.1573114994804
-0.775002435361448
1.13054338849464
1.00856578534542
-0.328854746392457
0.645010331685721
0.731644760697529
0.115930147626536
1.09825308608588
0.13604355644288
1.07928655258379
0.034255275475927
0.240078311192076
1.08573328906605
-0.470494023531299
-0.17491042328549
-0.178929818431518
0.555787471830269
-0.29562007244874
-0.425967639736489
1.07658098671684
1.13663559269481
1.59095711106798
0.915463729491077
-0.531664731983478
-0.606556922415206
-1.64184446878953
-3.86322229203871
-1.77658857324252
-1.92352891267308
-3.13292567766689
-1.294901438651
-0.568792034028755
-0.857804850000405
-0.797986689264316
-0.948002774522498
0.339654245897042
1.16870637583615
-0.80931765698289
-0.515817281150016
0.431852207771692
1.11410736264478
-1.56786987504218
-1.72760021465789
0.801278121210086
1.75245967542425
-0.382439471327337
-2.27444488389359
-1.34052127237455
-0.912082398568815
0.424642110465896
0.799708820160356
0.676649695231818
0.614251785465737
0.56535657407414
-0.900843885396758
1.5045639871098
-0.00806143726770642
-0.274440021690294
-0.771675797818959
1.20278917212133
2.14237711925016
1.02113284811495
0.699301982262456
1.57802479406497
3.43479317085063
2.90158858620022
0.803018357794048
-0.797958446367474
1.20691681549562
-0.931814396549889
2.07807756917435
1.62568311298297
0.553996406843031
0.348277042335982
1.13128686200474
1.1875211537823
-1.15509707132135
-0.806964375595476
-0.0295296207002485
0.769436915883536
-0.385301694254398
-2.82034711255407
-2.61064861924384
-2.64978141485393
-2.53893307428074
-2.62792659281154
-2.16478776481735
-1.67721910146948
-0.24079191051517
1.06530493535805
0.133354435466811
-0.375240097852544
0.0265189452373324
1.48343024217788
1.17570162463295
-0.966360511389634
-0.769398151788885
-0.599195712229688
1.40139611856717
1.61111821628786
0.485982711457293
-0.303056403662093
-0.83884091117344
-0.46248955487671
-0.069183346268875
0.935277010746837
1.11110479284812
0.403353861794303
-0.78966720915917
-0.0905787198454914
-0.00635954733971197
0.19263469821628
1.26522985815967
2.77428805074577
1.14721860579264
2.13771461985653
0.723492219464081
0.512976605105411
0.529268962532526
0.0786528580338744
1.37158559562418
0.470967186903164
0.824406336995231
0.595255049535534
-0.57283548028377
0.638117068307318
-1.46110356187211
-1.8500916156906
-2.83962831967074
-1.86368726054258
-0.815378781066042
-1.48760294284102
-0.452819699376102
-1.16231616425525
-0.233925354232044
0.236610965143552
0.951439310429488
-0.185052108026536
-0.217429298748923
-0.61316848424269
-1.94361767650532
-1.36480014419246
0.960365437241021
0.379700288217879
-0.0434614750268078
0.589742455751864
0.534841135467616
2.29094684918389
2.55719591886518
4.07050605721237
3.31479840749342
0.949997668766535
0.660533590627533
-0.532444542752331
-1.56085508351753
-1.40144614257617
0.0261874286180491
0.599307213855718
1.30907838324031
1.90635511933824
1.19859740515289
-1.72112579587136
-0.838130879020779
1.7575277694877
1.66267845386957
-0.26227036621766
-0.863222479713695
-1.61015791788038
-1.23956707168632
-0.0885009012018949
0.999279907751681
1.08265843147336
-0.198301425007243
0.46755790786334
1.77100038251737
3.64979011005166
2.2526725934909
1.74302140871963
2.2707640744653
1.4854043557457
1.38423483981234
1.12038312183109
0.568497260353659
0.455526299531235
1.24958847574708
1.37418159387176
0.470448367094113
-2.0767729355553
-2.60411535926994
-1.84392242747603
-3.61700791831602
-0.495900828986654
-1.29917826768231
-2.16075029385672
-0.126357308644484
-1.93504865694761
-0.85241831488722
-0.731849254790841
-0.0119279183328041
0.990145206399267
-0.131354931190801
-0.980331489474155
-3.79199972259111
-3.95766351129174
-2.28586471839456
-0.740209090531477
1.79119254808929
1.68065566723595
1.56567294641694
1.09939651016834
0.168382031568686
0.705996428808454
1.0245012663019
0.865505442176983
-0.264956327513114
-0.405198298359185
0.487911116966447
1.1505783946612
0.394844283821977
-0.531839630555394
0.00379424915576586
1.14071174167586
1.07101890630686
0.389104246263544
-0.734920342509641
-1.09657121774081
-2.27407430238754
-2.40961824843293
-0.494037734637995
1.10183677424411
0.129759300704413
0.135224873285836
0.160456491661919
-1.5514725886713
-0.508796592325838
-2.07776419154006
-2.89342415635745
-1.06673831998389
-0.947583985107926
