-0.355022642262346
-2.09055895159676
-0.906246634810762
-0.426032353348206
1.34105699903303
-2.22746987129516
-3.40561908978289
1.70333438595536
-0.157329878180621
1.77208902439214
-3.54228684651068
3.08724118755641
-5.64289697290086
-0.29003776323441
-3.22796180669398
-2.17056834263172
-1.92974650310328
-1.95240288256587
-2.77984241628332
-2.43999974862859
-3.98837010096796
-0.321635743383866
-3.58620593891839
1.95994788712022
-3.58328395674536
-4.08261012784094
-3.87130009770359
-3.84226161620159
-1.83082450490984
1.55876940339188
0.258058869468225
1.08387501819441
6.2321524079492
1.14544514229268
2.79581358345271
0.932590241403702
-1.41046327172999
2.13593951921556
4.43486685480807
5.58379037372816
1.82887786508833
4.02849456969771
-0.0236726403916538
2.39454349027437
-4.8063715970743
1.65879346819018
-0.110441213571448
2.30987667120532
1.05150244531338
2.26317389510506
1.48267479954758
-1.30320724274505
-2.0960799319658
0.635617895690748
-4.51846890044066
-3.12547665865975
-0.164732708908191
-1.00680019803043
1.76500347585843
-1.29236155033821
-1.28933100806928
0.328116222704621
-3.30493853757114
2.55920247151403
1.23085753023267
2.50823050262837
4.69693613113788
4.34086543532001
3.09130486693729
2.54843205907928
0.388196713875231
-2.01732894295132
1.65376025859796
2.53191886783897
0.644478007325633
-1.0059751516296
0.256856957846293
-3.07778768944763
-1.06828806825455
0.435286538278572
1.90063817234294
0.247175691584711
1.46489278112863
-0.965147965907573
-1.2183954206586
-1.19676280728116
-1.10395461734627
-2.09718256400267
-2.36029460479306
2.22186062914135
-1.29455513642662
-1.47108992261493
1.17104529198993
-0.281725833735936
2.63670855236106
-1.0955666826288
1.71033737317606
1.75855050549885
-0.0677193247952561
2.87640336003149
-2.06701987536338
3.59767991673595
-2.86573203298769
-2.84358869416498
-4.43428357671723
-0.0379767588102025
5.77534797971693
0.19880508285478
1.70176045042446
-0.289042203370022
-1.63272004462407
-3.06602207229706
2.45458295797813
0.864071868515291
-1.38060378964361
-7.71306337263413
-6.17782394144204
-0.493152202810312
-1.137079126294
1.08739864301873
-3.55883340859041
-2.01185341622866
2.28645100503792
1.7426222950384
1.34963472979072
2.14668880210235
0.284568130955755
-2.8541911310147
1.75996042768144
-1.04236645917707
4.25214407482859
-2.05345536822119
1.5369637830576
-1.92110993143265
-0.888454433194334
0.948714130270414
1.12858952557527
-0.960955012052175
0.907385653475031
2.15498959882044
4.35317857296118
4.63518464950528
-1.2857540867001
-0.394143048126153
0.979381739619527
3.98878195218602
-0.2034708835648
1.40015903055691
0.802542401368762
4.03293785517975
-2.60564109377839
-1.43481610909347
-0.102623902711715
5.36643336108364
3.13437712683482
2.84817134494639
-0.0117436985184027
-3.96821946737566
2.07108948398196
-2.83054594737897
0.55514433412132
-0.8910304886243
1.41174213412219
2.00368210813818
1.63969081004874
-0.747972614197365
-1.25055735995824
1.23136846262939
4.40443204230687
4.36816869843554
0.617268754716859
-0.655072503670894
-1.47577778667413
2.13994453468978
-1.48557522629576
1.3300657879425
-1.74320613524749
-3.46199043933403
-2.06696107015266
1.35474494283725
1.5826333712982
2.93218456793525
-2.13927720808275
-0.310501619980668
-0.230913666703097
2.48643389370914
-0.966394751125492
-2.08490416821586
-0.180524545121263
-2.94261659013361
-1.23636428465415
-1.7429198528401
-0.863113132086465
0.662040803130438
0.683555753712929
-3.43065518124826
-4.28979057211489
1.08645554241302
0.29000839348747
-0.887324442813073
-4.00903049300753
0.424008755624494
-2.582330869422
-0.319300376591014
-1.46673546011494
0.961860329513304
-2.25461590474726
2.11568138056674
2.69533161323471
2.57363010978711
-2.90775143591912
-1.32362825547116
4.46229051961941
1.37487002680751
-0.24659009353854
-3.82236994959869
-2.78294996408669
-2.07913240781864
-1.40832050425346
1.66485502658636
0.705912921913612
-0.566695184209134
1.91242958247394
-4.10632937686088
-4.08366793776911
-2.45984417030361
-1.98551551902199
1.88325807903092
-0.832341077683197
5.38140661199127
1.66946299734454
1.70223811827781
-0.21428103004096
-4.26804574415937
-0.560466026633941
0.100068081433066
1.46629706797711
3.0496694505837
2.10551462794989
0.299955365848889
-1.48006870012337
-1.49244531371157
0.126077796077834
5.87348075335867
8.14475780705042
4.82625702755245
1.04232305112911
4.09506922932747
-1.4913382106085
-0.115683482922004
-1.94687788014365
2.74382691494077
-0.986598184002804
-1.01841671474284
-3.99607884828921
0.375920187972812
-3.61762479047762
0.367985910999888
2.09078897952823
4.79998158541921
3.00760425478614
-0.666302364138271
-0.744456557911062
0.539435604219334
1.40387419293317
-2.78248114234649
-3.15564127145523
-2.67656795402491
-1.13670926841736
2.79166094683282
-0.554214691145609
0.730119245688314
1.2712713856605
1.204536288418
-0.291245815058275
-3.98352096414957
0.693009916130351
0.474589685817856
4.12655487362859
1.96695728567334
0.0450780348900002
-5.02406250023674
1.07405972356522
-0.762565954493164
2.9047244825247
0.737578641093696
-1.33072763207534
2.91217516571915
-3.56452053934235
4.01071590997078
0.429653749405256
3.9421063358241
-0.78176379190667
-2.25536500474368
1.95767859149238
2.66173488703239
0.160807549725941
1.06680231644058
-2.14612624770034
0.994844068643958
1.44564374393016
0.422903199814661
4.03647958237957
-3.68526868596315
1.24985348239426
-1.68613609244648
0.0788429874308489
-3.6886326172789
2.75081607550612
-0.614193086797211
1.19266546199829
0.544972634680513
-0.748382174326748
-0.865017705679414
3.11572648916144
-2.49010084602083
3.22405447406266
-0.773844367577259
2.53496507711144
-2.795184459866
-1.47581249457255
-2.44448340072042
-0.40518879534171
4.55491235698708
3.31144984457101
1.22181931891181
2.3549430865177
-4.34055427765122
-2.33526574493589
-7.03950174274024
-2.29428145325669
-1.38363704435132
3.14494485553122
2.85862469929437
-1.91468257511877
-0.660336386148476
-0.50943329222653
0.272609050556854
3.08538585398066
4.54545001193877
-0.58085209500115
1.17353824434513
-4.55310199277871
3.66341250860394
2.51217444171825
4.47277850738694
-0.172804648547646
0.0990614533363694
-0.479761241355663
2.38336597439537
-2.24742855411063
-2.40496643268171
-2.16743900843515
-1.72461852366964
-4.02059126249327
-4.7655660283172
1.83941910744884
-0.942963771948826
-2.59358843301382
-5.06983304557892
-1.75583149990415
0.109331658327226
1.30061219047648
-1.02541551465046
0.0723849097486365
0.111569328164906
0.735869609921851
1.56686278235949
-0.724174083724916
-1.4122406914191
-6.16025454965539
1.64295222717997
1.71461229204324
1.61240689547428
-2.17469194313422
-0.79562679155228
3.14564300116933
3.21864076028576
3.84398746926972
-0.0758755795177752
2.31728930074053
-2.76010081608685
-0.302831711495848
0.0870285881239494
-0.63812940392994
1.7226113838038
-3.65457763983793
2.28826639497989
0.18558536203428
-1.92858702980722
-0.086954261724047
-0.875222648407765
-1.58549167424121
-0.513550121033604
1.9515252312223
-3.66995162905917
-1.72921131924331
-1.22708059919493
-0.0546081465520846
2.77626200806853
-0.111127554435953
-1.07824904248052
-6.32175168376781
-5.23400034563893
2.48424305417733
6.15137457353098
2.01804640046839
3.20707273645932
-1.38979767695756
3.21913681438467
-2.98990507472598
2.02750833097667
-2.0968470690318
-1.00183304186257
0.410222903375421
-2.04087310876685
3.09518721888893
0.537659860959353
0.482642026340543
3.24212839231373
1.68642262718097
2.74115027500376
-2.16080638413893
-6.75060027163503
1.54772493415116
-1.3839228542119
1.71472866293894
-0.0129230534375299
4.17814325066185
0.904667489397498
3.65061609573921
-0.24710642611781
1.90768422520501
1.66090665825205
1.78873133543574
0.101777829336889
-0.820685504798472
2.65266975414322
-0.111947011379197
3.33182536487786
-5.30324640230186
-2.12324401423979
-4.12785112040368
-0.29392524192464
-1.03332206280162
-3.04050726397102
-0.480219969515819
1.9263909421803
0.675511412045213
1.2848447880895
-1.83379600308849
-0.48499514019162
-0.201258362271837
0.28168527955246
3.42427214428403
-2.34650035895431
0.35279561494278
2.60286306809857
-2.67048339387042
-0.839332302242534
-1.42066745940969
-0.35143631814429
-2.13989408108427
-1.11205495816992
-2.68923408453432
0.770349604068471
-6.28906449342319
-4.4449403928742
-0.063588180242762
0.907534966735926
3.35478419094102
-0.688088290629979
-0.60354850517644
3.31598977042382
-2.49029135935391
-2.58150506800198
-2.76707219235574
-1.70218504353376
0.299944766962601
-2.78492268593068
-0.0998322138593458
0.813253910202026
-0.290018889921974
0.827225193834261
-5.5881741375426
0.168463086595474
-1.78970656372886
1.08300253505816
-0.612396626426049
-1.79102780878296
0.649785030449517
-0.579634837635413
4.0550172694321
7.82451311079408
4.60425696948299
2.4639161375983
-2.43561141728788
-3.94183547738723
-2.57457723549653
-3.05040069614336
-1.78543940049473
0.940872182098032
-3.28644298608511
-3.24900858851961
0.130119572167165
3.26068302554815
6.12551649766931
4.27849533040322
-3.59069860086118
1.49301429583305
-1.90493797763737
-1.78483660947672
-1.82113581854092
-1.13260854429472
1.23531306616194
1.00038478458939
-1.51894098500123
-0.99641834060009
-4.05269700830262
-2.12572114459336
-1.23294860399851
3.25655672839286
0.150626513915986
2.88486282240595
-2.10079345962257
-0.778654142601342
1.14349365064552
2.59555685046589
-6.95013635183698
2.48106569678363
-1.61570932894533
3.53482940038005
-3.58745395301068
-2.13504445704243
1.11079099212453
-2.61835769576086
-2.68687947122571
-8.24784449586923
-1.82373165164053
-1.4080624860227
1.39986449899096
-0.871922568926264
-5.45572679919827
-0.41592092878312
-2.83259434757987
3.5357919251021
0.744811684869823
-1.69573745638881
0.2171150823036
3.07112674773405
2.41855608751649
5.8436263201381
1.67448388862282
2.71798339299728
-3.57128130928281
2.29320887463642
-1.92573302320427
-3.85301116772337
-5.21073371230094
2.15061654309402
1.13402464467472
3.02978118950304
-2.50427566098013
-1.65928063424165
-1.36620066728213
0.0932497913275008
0.0609453787904803
2.23411312885558
1.10450774503751
-0.0306513959562983
0.742224744326339
0.276593292965949
-1.06672601426536
2.72424785898591
2.01785502206513
0.209270762963361
-0.29442218928647
-2.0792110991943
-0.699547235420835
-0.827300046226977
0.495811335681748
0.440925944709246
2.24480221101642
3.00905319561292
0.122727627698097
3.4156032447578
-1.62933960261268
3.78071784335199
-1.68209043574305
-6.92515052269851
-2.73274309882517
-0.922189209719832
2.17927211385238
-2.48129490318859
-4.19560775907378
0.446313262929015
-1.06566325771022
-0.234384732019635
1.14267122637313
2.30281820851466
6.80621959337677
1.11577574391256
-0.465004564679106
-4.14717534155693
-4.82689633260143
4.40632693134012
-3.43407504832922
1.40020250543772
-5.98028843075626
5.56407863937758
1.4589370785227
-1.61771406015044
-3.06332141112426
3.18634166941846
2.58211790712647
3.74486926570545
-2.20836958857704
-0.761776155132037
-0.562975732242911
2.22780245761721
2.03490753404235
2.85041515084321
-1.64035564998486
-0.86046289831003
-0.623170464540537
1.56578793055103
-3.41318287531401
1.49019833494373
-0.675216282096224
-1.71196145956291
-4.56049435522803
4.47240512182534
2.04060223757744
7.23904994499169
3.11119305896668
2.00175974338897
-4.88235900856509
-1.46744889288219
-4.08758587012393
-1.64577807774096
-3.99589660598908
-4.56847931251563
-0.533339039956593
-0.340189555741547
0.708210470144699
2.40459275448753
-0.0106980091998784
0.671343102381385
0.786752975757102
3.52055917417618
3.37770279681169
3.92210628662413
-0.98397511135774
-1.25404695620921
-1.55203991838518
-3.47869892299994
1.81542822200633
-2.19523901216839
0.900121170733227
-3.2723081351867
0.805868896222593
5.00868102933991
4.32261315879022
4.22767230247562
2.89282666025687
-0.103993410870829
0.899678883168184
-0.292970490771944
-1.92594316687099
-1.39870580905572
-0.28462439885033
0.0713944559484222
-2.0564918312657
1.28525059113401
-5.83970417202821
0.2774937832739
-1.49613531888043
-1.44911936786864
1.46507921003372
-1.87350705515175
3.67622119888175
-1.91337081139875
6.40705151472684
3.38903394911846
5.41013862850624
3.54322625026697
2.77895265701295
2.00321837677902
-2.45246265492625
1.07454677489117
3.36310977522315
1.29108853569961
1.0111308045015
-2.44868155459606
-0.0105932656413046
4.37857392134416
0.278567482991769
1.13983360623587
1.2457318937498
-2.36601128187042
0.466765137938539
-1.56894286764692
0.970998287479628
0.545206568277755
-0.292272303099481
1.15220127731957
2.88861785606466
-2.38873793466718
-0.855234839567377
-1.78624648711736
-3.63204357734956
0.39712460098223
-3.1672698632667
0.923582084144493
-0.247805275377594
-2.95374300660589
1.80749402953847
-0.488381415445135
3.77246747281646
0.538123208937619
2.20454664271317
-0.94039735725156
4.33361627845155
1.10549933411908
3.24607830045521
-2.01714356655562
-0.595659607850765
3.9138376296852
-1.10145172098858
1.34264596204794
-0.346514137784816
-0.18680857927475
0.282944975423425
1.94400620530836
2.47405219250337
1.08803947234578
4.37268131540335
-1.33551496047295
0.454315465024316
-1.42294576309984
-1.15047061728806
1.92378271539456
2.30845585610473
3.33764497745379
-0.612274376077274
-5.54327428677962
-0.0696168809240705
3.89613477349549
0.567526803711265
4.0167949367395
-1.29874861198061
-2.49995548049057
-3.19452893349116
2.35779863649147
-1.49245911299632
-0.10451283027308
1.18459400495151
-0.819504948387658
-4.97916849053222
-3.66751466518261
-3.78405464189296
-0.536215828690003
-1.86384301187478
-0.834135422872038
-1.47657838765519
3.63833774647942
3.42199801976201
1.22514441060597
-1.29283969789017
0.275002120882177
1.08075791152495
-1.01695502400402
-0.703728663404393
0.511132168638375
3.16722800367933
-0.390843874025809
-3.75551470443861
-3.55971740376451
-7.69936133760781
1.81275803889956
0.664838697441994
3.16628409700183
-1.61564733500768
0.502784953304284
2.76378547486571
2.52623464019339
4.25845040332241
7.73037099048596
2.25749091818345
-0.635155209630928
-1.87796679563319
-1.89644923379968
-3.53777014446439
-4.26451633787147
1.47078728604918
0.206924945538588
2.42046927125782
1.05690685028146
0.884228159618372
-2.32490834731543
0.792917828932071
-0.709505392221806
-2.7638869244784
-2.81816419790662
-0.582606930798135
-1.31278918067558
-1.31568758735076
-1.74235880269148
-0.774893313389913
-1.09735121505554
-0.786157299478658
-1.98472068661511
4.93874363082565
-1.40985915845392
-0.0518520301837072
-2.24633064010091
1.08894124795731
2.88904393350233
5.23465683159917
-0.685571339560586
0.553645449224005
-4.55130025376596
0.454701562695581
0.580364318006613
3.03249029377119
-3.63324466998063
-1.33381629707181
0.858223129056998
2.06708191461538
1.79353071833991
0.672684133462695
-2.19670834570306
1.01163324056418
1.12219527074201
-1.78097090960131
-4.91176261938374
2.13357539742993
-1.82098742153354
0.95513623472659
-3.31251992052347
0.27226528366275
1.19157873219802
1.9364285553157
0.8525167669279
-4.43723948675526
-5.10709393842122
-1.77720575032611
1.25832987518661
2.13438990466023
-5.39844893782824
-1.75186320990303
-1.6131365508311
-2.27529343246651
-3.39127776381561
-1.26956028064024
-3.73719628278939
-3.45910083284317
-3.61926840710006
-1.06801495821702
-1.40174188279143
1.36130366376492
0.0195071309912789
4.20142044756922
-3.05810603169897
1.16607862209351
-3.87971669566036
-2.32131387384343
-4.29612281946665
2.35875376908689
-2.28175717439404
-5.90447636308709
-6.2049461482166
2.38898295323263
-0.133323193063892
1.1252816275161
-1.46904805592851
-3.43093138979003
-6.62206361073
0.244846704032185
2.33389179868853
4.88140807733576
1.20862538924392
0.826925789643979
4.24265783149743
0.676452275086236
3.05770887852116
0.125028599323344
3.50412818499904
3.02559375423876
0.690166616236304
-1.04670494609795
-1.5694796599214
-1.89030898978723
-3.30859601837469
-3.16736762125966
-2.68109708837152
-0.395774720214037
-0.72042027398115
3.15584215742025
2.21682280724647
-1.9968893376486
2.66149677924248
0.646597447276894
-0.201480477727049
2.6629014591362
3.0086403796062
2.62072242166548
1.25916459813966
0.992032814338284
-0.727464046500065
0.405605086785626
2.07245117444018
0.196142592551788
-1.91580478484271
-1.7053950238915
2.1277257243536
1.58944257992187
-0.641956085392575
-4.55328355530145
0.937233924153242
-0.283898033724919
1.97240585988994
-0.31705937830443
6.78949083903435
0.0221492829835515
1.35839292779787
-1.56739823473818
1.60081274776559
3.57548209403559
2.54508627042603
0.106035659141569
-0.906594625789748
1.32871806078779
1.8565788915148
1.86564376478749
3.58429695042394
2.97813871818165
-1.30573389955475
1.26138717687635
-2.13214903313442
0.695706234325793
2.98580061221686
-1.95379375260941
2.05038864992375
5.30406736335349
1.01748756290191
-1.09961347225899
-4.23192202016894
5.1103334287482
1.1847197129799
-0.444120159917943
-1.00036095095751
-2.7999551297469
1.07271414841136
-1.06623796827951
-5.12146679095575
-2.68639405376467
0.456365468369824
-0.912009608636141
-1.58070303173241
-0.342685325356768
-0.903149042753335
-0.624363519161311
-2.52453648044278
0.736992167596375
1.3834594451276
-1.15920954418959
-1.05764099333029
-4.74892693389613
-3.86353783186778
-3.63389223895855
2.16472756651943
-0.517633082896069
2.35215039096949
0.565143778325559
4.46249802711043
-1.1880394949432
-1.53252116819507
-3.98614946653297
-1.7036599304364
-2.68737535716351
1.75878630838162
2.17679462453605
3.66049770005326
1.56904953352225
5.70805845671066
3.05885139319189
1.59085914686825
-1.47037335219074
0.422676252198348
-4.74063016719046
-0.339088353123882
-2.08390524687994
-1.18920535789456
2.53198942239776
-0.937628666329343
-2.47478295703504
-2.14032340511135
-2.82798495339052
-2.57964650496898
